cli on
CLI mode ON (gait paused, servos hold position)
> sweep 2 100 200 800 3 50
#SWEEP_BEGIN id=2 low=100.0 high=200.0 hold_ms=800 cycles=3 hz=50
t_ms,cmd_deg,set_deg,now_deg,err_deg,cur_mA,duty_pct
9,200.0,200.0,100.7,99.3,239,18.4
18,200.0,200.0,100.6,99.4,242,18.3
28,200.0,200.0,102.3,97.5,242,18.3
38,200.0,200.0,102.8,97.2,242,18.3
48,200.0,200.0,105.5,95.5,242,18.3
58,200.0,200.0,106.3,93.7,241,18.3
68,200.0,200.0,108.0,90.8,241,18.3
78,200.0,200.0,111.5,88.4,241,18.3
88,200.0,200.0,112.7,87.2,241,18.3
98,200.0,200.0,115.9,83.9,241,18.3
108,200.0,200.0,117.4,82.7,241,18.4
118,200.0,200.0,120.5,79.2,241,18.3
128,200.0,200.0,123.1,77.8,241,18.3
138,200.0,200.0,124.0,74.8,241,18.3
148,200.0,200.0,127.2,72.7,241,18.3
158,200.0,200.0,128.4,71.4,239,18.3
168,200.0,200.0,131.7,68.1,241,18.3
178,200.0,200.0,132.7,67.2,241,18.3
188,200.0,200.0,135.9,63.8,241,18.3
198,200.0,200.0,137.4,63.0,241,18.4
208,200.0,200.0,140.0,59.5,241,18.3
218,200.0,200.0,142.5,58.2,241,18.3
228,200.0,200.0,143.5,55.3,241,18.3
238,200.0,200.0,146.6,53.2,241,18.3
248,200.0,200.0,147.9,51.9,240,18.3
258,200.0,200.0,151.8,48.1,241,18.3
268,200.0,200.0,152.2,47.8,241,18.3
278,200.0,200.0,156.1,43.7,241,18.3
288,200.0,200.0,157.2,43.4,241,18.4
298,200.0,200.0,160.0,39.5,241,18.3
309,200.0,200.0,161.2,39.1,241,18.3
318,200.0,200.0,162.7,35.5,241,18.3
328,200.0,200.0,166.9,33.0,241,18.3
338,200.0,200.0,167.3,31.6,240,18.3
348,200.0,200.0,171.1,28.8,241,18.3
358,200.0,200.0,171.4,28.5,241,18.3
368,200.0,200.0,175.1,24.7,242,18.3
378,200.0,200.0,175.7,24.3,241,18.3
388,200.0,200.0,179.3,20.6,241,18.3
398,200.0,200.0,180.8,19.9,241,18.3
408,200.0,200.0,182.8,16.6,241,18.3
418,200.0,200.0,185.5,15.8,241,18.3
428,200.0,200.0,186.2,12.3,241,18.3
438,200.0,200.0,189.8,10.0,241,18.0
448,200.0,200.0,190.2,9.7,220,16.8
458,200.0,200.0,192.9,7.8,201,14.9
468,200.0,200.0,192.8,7.3,179,13.7
478,200.0,200.0,192.6,5.9,170,13.9
488,200.0,200.0,197.8,2.1,19,4.9
498,200.0,200.0,199.2,0.8,0,1.3
508,200.0,200.0,199.6,0.4,0,0.9
518,200.0,200.0,199.7,0.2,0,0.7
528,200.0,200.0,199.8,0.2,0,0.8
538,200.0,200.0,199.8,0.2,0,0.8
548,200.0,200.0,199.8,0.2,0,0.8
558,200.0,200.0,199.8,0.2,0,0.8
568,200.0,200.0,199.8,0.2,0,0.8
578,200.0,200.0,199.8,0.2,0,0.8
588,200.0,200.0,199.8,0.2,0,0.8
598,200.0,200.0,199.8,0.2,0,0.8
609,200.0,200.0,199.8,0.2,0,0.8
619,200.0,200.0,199.8,0.2,0,0.8
628,200.0,200.0,199.8,0.2,0,0.8
638,200.0,200.0,199.8,0.2,0,0.8
648,200.0,200.0,199.8,0.2,0,0.8
658,200.0,200.0,199.8,0.2,0,0.8
668,200.0,200.0,199.8,0.2,0,0.8
678,200.0,200.0,199.8,0.2,0,0.8
689,200.0,200.0,199.8,0.2,0,0.8
698,200.0,200.0,199.8,0.2,0,0.8
708,200.0,200.0,199.8,0.2,0,0.8
718,200.0,200.0,199.8,0.2,0,0.8
728,200.0,200.0,199.8,0.2,0,0.8
738,200.0,200.0,199.8,0.2,0,0.8
748,200.0,200.0,199.8,0.2,0,0.8
758,200.0,200.0,199.8,0.2,0,0.8
768,200.0,200.0,199.8,0.2,0,0.8
778,200.0,200.0,199.8,0.2,0,0.8
788,200.0,200.0,199.8,0.2,0,0.8
798,200.0,200.0,199.8,0.2,0,0.8
808,200.0,200.0,199.8,0.2,0,0.8
819,100.0,100.0,198.5,-98.4,-241,-18.3
829,100.0,100.0,197.8,-97.8,-242,-18.3
838,100.0,100.0,197.7,-97.9,-242,-18.3
848,100.0,100.0,194.8,-94.6,-242,-18.3
858,100.0,100.0,193.3,-93.1,-242,-18.3
868,100.0,100.0,192.5,-92.5,-241,-18.3
878,100.0,100.0,189.7,-89.1,-241,-18.3
888,100.0,100.0,187.2,-87.5,-241,-18.3
898,100.0,100.0,186.6,-85.5,-241,-18.3
908,100.0,100.0,182.9,-82.7,-242,-18.3
919,100.0,100.0,182.3,-82.2,-241,-18.3
928,100.0,100.0,179.0,-78.9,-242,-18.4
938,100.0,100.0,178.4,-78.3,-241,-18.3
948,100.0,100.0,174.7,-74.6,-241,-18.3
958,100.0,100.0,174.0,-74.2,-241,-18.3
968,100.0,100.0,170.8,-70.5,-241,-18.3
978,100.0,100.0,168.8,-69.9,-240,-18.4
988,100.0,100.0,167.6,-66.5,-241,-18.3
998,100.0,100.0,164.6,-65.4,-241,-18.3
1008,100.0,100.0,163.9,-63.2,-241,-18.3
1018,100.0,100.0,160.3,-60.2,-241,-18.4
1028,100.0,100.0,159.6,-59.5,-241,-18.3
1038,100.0,100.0,156.0,-55.8,-242,-18.3
1048,100.0,100.0,155.4,-55.3,-241,-18.3
1058,100.0,100.0,151.7,-51.6,-242,-18.4
1068,100.0,100.0,151.0,-51.0,-241,-18.3
1078,100.0,100.0,147.5,-47.4,-241,-18.3
1088,100.0,100.0,146.3,-46.3,-241,-18.3
1098,100.0,100.0,143.3,-43.1,-241,-18.3
1108,100.0,100.0,141.3,-42.1,-241,-18.3
1118,100.0,100.0,139.3,-38.7,-241,-18.3
1128,100.0,100.0,136.7,-37.5,-241,-18.3
1138,100.0,100.0,135.9,-34.6,-241,-18.3
1148,100.0,100.0,132.1,-32.6,-241,-18.4
1158,100.0,100.0,131.7,-31.6,-241,-18.3
1168,100.0,100.0,128.2,-28.1,-241,-18.3
1178,100.0,100.0,127.0,-26.8,-241,-18.3
1188,100.0,100.0,123.8,-23.7,-242,-18.4
1198,100.0,100.0,122.9,-22.7,-241,-18.3
1208,100.0,100.0,119.0,-18.9,-242,-18.3
1218,100.0,100.0,118.1,-18.0,-241,-18.3
1229,100.0,100.0,114.5,-14.4,-242,-18.4
1239,100.0,100.0,113.2,-13.3,-241,-18.3
1248,100.0,100.0,110.0,-9.7,-239,-18.3
1258,100.0,100.0,107.8,-8.5,-209,-15.2
1268,100.0,100.0,106.8,-6.6,-186,-14.0
1278,100.0,100.0,104.7,-4.6,-118,-8.7
1288,100.0,100.0,103.5,-3.4,-59,-7.9
1298,100.0,100.0,102.4,-2.3,-22,-6.3
1308,100.0,100.0,101.6,-1.6,-4,-4.9
1319,100.0,100.0,101.1,-1.1,-0,-3.5
1329,100.0,100.0,100.8,-0.8,-0,-2.8
1338,100.0,100.0,100.8,-0.8,-0,-2.8
1348,100.0,100.0,100.8,-0.8,-0,-2.9
1358,100.0,100.0,100.8,-0.8,-0,-2.9
1368,100.0,100.0,100.8,-0.8,-0,-2.9
1378,100.0,100.0,100.8,-0.8,-0,-2.9
1388,100.0,100.0,100.8,-0.8,-0,-2.9
1398,100.0,100.0,100.8,-0.8,-0,-2.9
1408,100.0,100.0,100.8,-0.8,-0,-2.9
1418,100.0,100.0,100.8,-0.8,-0,-2.9
1428,100.0,100.0,100.8,-0.8,-0,-2.9
1438,100.0,100.0,100.8,-0.8,-0,-2.9
1448,100.0,100.0,100.8,-0.8,-0,-2.9
1458,100.0,100.0,100.7,-0.8,-0,-2.9
1468,100.0,100.0,100.8,-0.8,-0,-2.9
1478,100.0,100.0,100.8,-0.8,-0,-2.9
1488,100.0,100.0,100.8,-0.8,-0,-2.9
1498,100.0,100.0,100.8,-0.8,-0,-2.9
1508,100.0,100.0,100.8,-0.8,-0,-2.9
1518,100.0,100.0,100.8,-0.8,-0,-2.9
1529,100.0,100.0,100.8,-0.8,-0,-2.9
1538,100.0,100.0,100.8,-0.8,-0,-2.9
1548,100.0,100.0,100.8,-0.8,-0,-2.9
1558,100.0,100.0,100.8,-0.8,-0,-2.9
1568,100.0,100.0,100.8,-0.8,-0,-2.9
1578,100.0,100.0,100.8,-0.8,-0,-2.9
1588,100.0,100.0,100.8,-0.8,-0,-2.9
1598,100.0,100.0,100.8,-0.8,-0,-2.9
1608,100.0,100.0,100.8,-0.8,-0,-2.9
1618,100.0,100.0,100.8,-0.8,-0,-2.9
1629,200.0,200.0,101.6,98.3,241,18.3
1639,200.0,200.0,101.7,98.3,242,18.3
1648,200.0,200.0,102.0,98.0,242,18.3
1658,200.0,200.0,104.7,95.2,242,18.3
1668,200.0,200.0,106.4,94.4,241,18.3
1678,200.0,200.0,107.2,92.7,241,18.3
1689,200.0,200.0,110.6,89.2,242,18.3
1698,200.0,200.0,112.4,88.0,241,18.4
1708,200.0,200.0,114.4,84.8,241,18.3
1718,200.0,200.0,117.4,83.0,241,18.3
1728,200.0,200.0,118.6,81.3,241,18.3
1738,200.0,200.0,122.0,77.9,241,18.3
1748,200.0,200.0,123.0,76.9,240,18.3
1758,200.0,200.0,126.5,73.4,241,18.3
1768,200.0,200.0,127.6,72.4,241,18.3
1778,200.0,200.0,130.9,69.0,241,18.3
1788,200.0,200.0,132.0,68.2,241,18.4
1798,200.0,200.0,134.7,65.1,241,18.3
1808,200.0,200.0,137.3,63.6,241,18.3
1818,200.0,200.0,138.7,60.4,241,18.3
1829,200.0,200.0,141.3,58.6,241,18.3
1840,200.0,200.0,142.5,56.3,241,18.3
1848,200.0,200.0,145.9,54.0,241,18.3
1858,200.0,200.0,147.0,52.8,241,18.3
1868,200.0,200.0,150.3,49.5,242,18.3
1878,200.0,200.0,151.4,48.5,241,18.3
1888,200.0,200.0,154.7,45.2,241,18.3
1898,200.0,200.0,155.8,44.2,241,18.3
1908,200.0,200.0,158.9,40.9,241,18.3
1918,200.0,200.0,160.8,39.9,241,18.4
1928,200.0,200.0,162.9,36.7,241,18.3
1938,200.0,200.0,165.8,35.0,241,18.3
1948,200.0,200.0,166.3,32.5,241,18.3
1958,200.0,200.0,169.6,30.4,241,18.3
1968,200.0,200.0,170.9,28.1,241,18.3
1978,200.0,200.0,174.2,25.7,242,18.3
1988,200.0,200.0,174.8,25.1,241,18.3
1998,200.0,200.0,178.5,21.4,242,18.3
2008,200.0,200.0,179.0,21.0,241,18.3
2018,200.0,200.0,182.4,17.4,241,18.3
2028,200.0,200.0,183.6,16.7,241,18.3
2039,200.0,200.0,186.5,13.2,241,18.3
2048,200.0,200.0,188.8,12.3,241,18.3
2058,200.0,200.0,189.9,8.9,227,17.9
2068,200.0,200.0,192.3,7.6,213,15.4
2078,200.0,200.0,193.2,6.7,184,14.2
2088,200.0,200.0,192.6,7.0,184,14.0
2098,200.0,200.0,192.8,5.9,131,6.9
2108,200.0,200.0,198.9,1.1,0,1.7
2118,200.0,200.0,199.5,0.4,0,0.6
2128,200.0,200.0,199.7,0.3,0,0.6
2138,200.0,200.0,199.8,0.2,0,0.7
2148,200.0,200.0,199.8,0.2,0,0.7
2158,200.0,200.0,199.8,0.2,0,0.7
2168,200.0,200.0,199.8,0.2,0,0.7
2178,200.0,200.0,199.8,0.2,0,0.7
2188,200.0,200.0,199.8,0.2,0,0.7
2198,200.0,200.0,199.8,0.2,0,0.7
2208,200.0,200.0,199.8,0.2,0,0.7
2218,200.0,200.0,199.8,0.2,0,0.7
2228,200.0,200.0,199.8,0.2,0,0.6
2238,200.0,200.0,199.8,0.2,0,0.7
2248,200.0,200.0,199.8,0.2,0,0.7
2258,200.0,200.0,199.8,0.2,0,0.7
2268,200.0,200.0,199.8,0.2,0,0.7
2278,200.0,200.0,199.8,0.2,0,0.7
2288,200.0,200.0,199.8,0.2,0,0.7
2298,200.0,200.0,199.8,0.2,0,0.7
2308,200.0,200.0,199.8,0.2,0,0.6
2318,200.0,200.0,199.8,0.2,0,0.7
2328,200.0,200.0,199.8,0.2,0,0.7
2338,200.0,200.0,199.8,0.2,0,0.7
2349,200.0,200.0,199.8,0.2,0,0.7
2358,200.0,200.0,199.8,0.2,0,0.7
2368,200.0,200.0,199.8,0.2,0,0.6
2378,200.0,200.0,199.8,0.2,0,0.7
2388,200.0,200.0,199.8,0.2,0,0.7
2398,200.0,200.0,199.8,0.2,0,0.7
2408,200.0,200.0,199.8,0.2,0,0.7
2418,200.0,200.0,199.8,0.2,0,0.7
2428,200.0,200.0,199.8,0.2,0,0.7
2439,100.0,100.0,198.8,-98.6,-241,-18.3
2448,100.0,100.0,198.0,-97.9,-242,-18.3
2459,100.0,100.0,197.9,-97.8,-242,-18.3
2468,100.0,100.0,194.8,-94.7,-242,-18.3
2478,100.0,100.0,193.3,-94.3,-241,-18.3
2488,100.0,100.0,192.5,-92.4,-241,-18.3
2498,100.0,100.0,189.3,-89.2,-242,-18.4
2508,100.0,100.0,187.9,-88.4,-241,-18.3
2518,100.0,100.0,185.5,-85.0,-241,-18.3
2528,100.0,100.0,182.9,-84.0,-241,-18.3
2538,100.0,100.0,182.2,-80.6,-241,-18.3
2549,100.0,100.0,179.0,-78.8,-240,-18.4
2558,100.0,100.0,178.3,-77.5,-241,-18.3
2568,100.0,100.0,174.7,-74.6,-241,-18.3
2578,100.0,100.0,174.2,-74.0,-241,-18.3
2588,100.0,100.0,170.5,-70.4,-242,-18.4
2598,100.0,100.0,170.1,-70.0,-241,-18.3
2608,100.0,100.0,166.5,-66.4,-242,-18.3
2618,100.0,100.0,165.8,-65.7,-241,-18.3
2628,100.0,100.0,162.4,-62.2,-242,-18.4
2638,100.0,100.0,161.3,-61.4,-241,-18.3
2648,100.0,100.0,158.1,-57.9,-241,-18.3
2658,100.0,100.0,156.2,-57.0,-241,-18.3
2668,100.0,100.0,154.3,-53.9,-241,-18.3
2678,100.0,100.0,151.6,-52.6,-240,-18.3
2689,100.0,100.0,150.2,-49.5,-241,-18.3
2698,100.0,100.0,147.4,-47.4,-241,-18.3
2708,100.0,100.0,146.3,-45.4,-241,-18.3
2718,100.0,100.0,143.2,-43.1,-241,-18.4
2728,100.0,100.0,142.2,-41.9,-241,-18.3
2738,100.0,100.0,138.7,-38.6,-242,-18.3
2748,100.0,100.0,137.9,-37.7,-241,-18.3
2759,100.0,100.0,134.6,-34.5,-242,-18.4
2768,100.0,100.0,133.3,-33.3,-241,-18.3
2778,100.0,100.0,130.3,-30.2,-242,-18.3
2788,100.0,100.0,129.2,-29.4,-241,-18.3
2798,100.0,100.0,125.7,-25.5,-242,-18.3
2808,100.0,100.0,123.8,-24.9,-241,-18.3
2818,100.0,100.0,122.2,-21.5,-241,-18.3
2829,100.0,100.0,119.0,-20.0,-241,-18.3
2838,100.0,100.0,118.1,-16.8,-241,-18.3
2848,100.0,100.0,114.6,-14.5,-241,-18.3
2859,100.0,100.0,113.4,-12.8,-241,-18.3
2868,100.0,100.0,109.8,-9.7,-241,-17.9
2878,100.0,100.0,108.7,-8.5,-204,-15.2
2888,100.0,100.0,107.4,-7.6,-190,-13.4
2898,100.0,100.0,104.7,-4.7,-117,-9.4
2908,100.0,100.0,103.4,-3.3,-55,-6.9
2918,100.0,100.0,102.4,-2.3,-21,-5.2
2928,100.0,100.0,101.6,-1.5,-1,-4.8
2938,100.0,100.0,101.0,-1.0,-0,-3.2
2948,100.0,100.0,100.8,-0.8,-0,-2.7
2958,100.0,100.0,100.7,-0.7,-0,-2.7
2968,100.0,100.0,100.7,-0.7,-0,-2.7
2978,100.0,100.0,100.7,-0.8,-0,-2.7
2988,100.0,100.0,100.7,-0.7,-0,-2.7
2998,100.0,100.0,100.7,-0.7,-0,-2.7
3008,100.0,100.0,100.7,-0.7,-0,-2.7
3018,100.0,100.0,100.7,-0.7,-0,-2.7
3028,100.0,100.0,100.7,-0.7,-0,-2.7
3038,100.0,100.0,100.8,-0.7,-0,-2.7
3048,100.0,100.0,100.7,-0.7,-0,-2.7
3058,100.0,100.0,100.8,-0.7,-0,-2.8
3069,100.0,100.0,100.8,-0.7,-0,-2.8
3079,100.0,100.0,100.7,-0.7,-0,-2.8
3088,100.0,100.0,100.8,-0.7,-0,-2.7
3098,100.0,100.0,100.7,-0.7,-0,-2.7
3108,100.0,100.0,100.7,-0.7,-0,-2.7
3118,100.0,100.0,100.7,-0.7,-0,-2.7
3128,100.0,100.0,100.7,-0.7,-0,-2.7
3138,100.0,100.0,100.8,-0.8,-0,-2.8
3148,100.0,100.0,100.7,-0.7,-0,-2.7
3158,100.0,100.0,100.7,-0.7,-0,-2.7
3169,100.0,100.0,100.8,-0.7,-0,-2.8
3178,100.0,100.0,100.8,-0.7,-0,-2.8
3188,100.0,100.0,100.7,-0.8,-0,-2.7
3198,100.0,100.0,100.7,-0.7,-0,-2.7
3208,100.0,100.0,100.7,-0.7,-0,-2.7
3218,100.0,100.0,100.7,-0.7,-0,-2.8
3228,100.0,100.0,100.7,-0.7,-0,-2.8
3238,100.0,100.0,100.7,-0.7,-0,-2.8
3249,200.0,200.0,101.5,98.4,241,18.3
3258,200.0,200.0,101.7,98.2,242,18.3
3268,200.0,200.0,102.2,97.8,242,18.3
3278,200.0,200.0,104.9,95.4,242,18.3
3288,200.0,200.0,105.8,94.2,241,18.3
3298,200.0,200.0,107.6,91.3,241,18.3
3308,200.0,200.0,111.0,88.8,241,18.3
3318,200.0,200.0,112.3,87.6,241,18.3
3328,200.0,200.0,115.4,84.5,241,18.3
3338,200.0,200.0,116.9,83.1,241,18.3
3348,200.0,200.0,120.0,79.7,241,18.3
3358,200.0,200.0,122.3,78.4,241,18.4
3368,200.0,200.0,123.6,75.7,241,18.3
3379,200.0,200.0,126.8,74.1,241,18.3
3388,200.0,200.0,127.9,71.3,241,18.3
3398,200.0,200.0,131.1,68.8,241,18.3
3408,200.0,200.0,132.2,67.4,240,18.3
3418,200.0,200.0,135.3,64.6,241,18.3
3428,200.0,200.0,136.4,63.5,241,18.3
3438,200.0,200.0,139.7,60.1,242,18.3
3448,200.0,200.0,140.5,59.4,241,18.3
3458,200.0,200.0,143.8,56.1,241,18.3
3468,200.0,200.0,145.4,55.0,241,18.3
3478,200.0,200.0,148.2,51.6,241,18.3
3488,200.0,200.0,150.6,50.3,241,18.3
3498,200.0,200.0,151.6,47.2,241,18.3
3508,200.0,200.0,155.0,45.0,241,18.3
3518,200.0,200.0,156.0,43.9,241,18.3
3528,200.0,200.0,159.1,40.8,241,18.3
3538,200.0,200.0,160.2,39.5,241,18.3
3548,200.0,200.0,163.4,36.5,241,18.3
3558,200.0,200.0,164.7,35.3,241,18.3
3568,200.0,200.0,167.7,32.0,242,18.3
3578,200.0,200.0,168.8,31.3,241,18.4
3588,200.0,200.0,172.2,27.6,241,18.3
3598,200.0,200.0,174.4,26.8,241,18.3
3608,200.0,200.0,175.5,23.7,241,18.3
3618,200.0,200.0,178.6,22.1,241,18.3
3628,200.0,200.0,179.1,19.7,241,18.3
3638,200.0,200.0,182.6,17.3,241,18.3
3648,200.0,200.0,183.3,16.6,241,18.3
3658,200.0,200.0,186.9,13.0,242,18.3
3668,200.0,200.0,187.6,12.3,241,18.3
3678,200.0,200.0,191.1,8.8,234,17.5
3689,200.0,200.0,191.6,8.3,203,15.3
3698,200.0,200.0,193.5,6.4,185,13.4
3708,200.0,200.0,192.7,5.6,186,13.3
3718,200.0,200.0,194.4,5.5,96,5.8
3728,200.0,200.0,199.0,1.0,0,1.5
3738,200.0,200.0,199.6,0.4,0,0.7
3748,200.0,200.0,199.7,0.2,0,0.7
3758,200.0,200.0,199.8,0.2,0,0.7
3768,200.0,200.0,199.8,0.2,0,0.7
3778,200.0,200.0,199.8,0.2,0,0.7
3788,200.0,200.0,199.8,0.2,0,0.7
3798,200.0,200.0,199.8,0.2,0,0.7
3808,200.0,200.0,199.8,0.2,0,0.7
3818,200.0,200.0,199.8,0.2,0,0.7
3829,200.0,200.0,199.8,0.2,0,0.7
3838,200.0,200.0,199.8,0.2,0,0.7
3848,200.0,200.0,199.8,0.2,0,0.7
3858,200.0,200.0,199.8,0.2,0,0.7
3868,200.0,200.0,199.8,0.2,0,0.7
3879,200.0,200.0,199.8,0.2,0,0.7
3888,200.0,200.0,199.8,0.2,0,0.7
3898,200.0,200.0,199.8,0.2,0,0.7
3908,200.0,200.0,199.8,0.2,0,0.7
3918,200.0,200.0,199.8,0.2,0,0.7
3928,200.0,200.0,199.8,0.2,0,0.7
3938,200.0,200.0,199.8,0.2,0,0.7
3948,200.0,200.0,199.8,0.2,0,0.7
3958,200.0,200.0,199.8,0.2,0,0.7
3968,200.0,200.0,199.8,0.2,0,0.7
3978,200.0,200.0,199.8,0.2,0,0.7
3988,200.0,200.0,199.8,0.2,0,0.7
3999,200.0,200.0,199.8,0.2,0,0.7
4008,200.0,200.0,199.8,0.2,0,0.7
4018,200.0,200.0,199.8,0.2,0,0.7
4028,200.0,200.0,199.8,0.2,0,0.7
4038,200.0,200.0,199.8,0.2,0,0.7
4048,200.0,200.0,199.8,0.2,0,0.7
4059,100.0,100.0,198.8,-98.6,-241,-18.3
4068,100.0,100.0,198.1,-98.0,-242,-18.3
4078,100.0,100.0,197.9,-97.9,-242,-18.3
4088,100.0,100.0,194.9,-94.7,-242,-18.3
4098,100.0,100.0,193.3,-94.5,-241,-18.3
4108,100.0,100.0,192.4,-92.1,-241,-18.3
4118,100.0,100.0,189.3,-89.2,-242,-18.4
4128,100.0,100.0,188.4,-88.4,-241,-18.3
4138,100.0,100.0,185.1,-85.0,-241,-18.3
4148,100.0,100.0,183.5,-84.1,-241,-18.3
4158,100.0,100.0,181.1,-80.7,-241,-18.3
4168,100.0,100.0,178.9,-80.0,-240,-18.3
4178,100.0,100.0,178.2,-76.9,-241,-18.3
4188,100.0,100.0,174.8,-74.7,-241,-18.3
4198,100.0,100.0,174.2,-73.0,-241,-18.3
4208,100.0,100.0,170.6,-70.5,-241,-18.4
4218,100.0,100.0,170.1,-69.4,-241,-18.3
4228,100.0,100.0,166.5,-66.4,-242,-18.3
4238,100.0,100.0,165.8,-65.7,-241,-18.3
4248,100.0,100.0,162.3,-62.2,-242,-18.4
4258,100.0,100.0,161.4,-61.4,-241,-18.3
4268,100.0,100.0,158.0,-57.9,-241,-18.3
4278,100.0,100.0,157.0,-57.0,-241,-18.3
4288,100.0,100.0,154.0,-53.9,-242,-18.3
4299,100.0,100.0,152.3,-52.8,-241,-18.3
4308,100.0,100.0,149.9,-49.5,-241,-18.3
4318,100.0,100.0,147.5,-48.4,-241,-18.3
4328,100.0,100.0,146.0,-44.9,-241,-18.3
4338,100.0,100.0,143.2,-43.7,-240,-18.3
4348,100.0,100.0,142.2,-41.0,-241,-18.3
4358,100.0,100.0,138.8,-38.7,-241,-18.3
4368,100.0,100.0,137.8,-37.6,-241,-18.3
4378,100.0,100.0,134.6,-34.5,-242,-18.3
4388,100.0,100.0,133.3,-33.2,-241,-18.3
4399,100.0,100.0,130.3,-30.2,-242,-18.3
4408,100.0,100.0,129.4,-29.3,-241,-18.3
4418,100.0,100.0,125.6,-25.5,-242,-18.4
4428,100.0,100.0,124.8,-24.9,-241,-18.3
4438,100.0,100.0,121.6,-21.5,-241,-18.3
4448,100.0,100.0,119.8,-20.1,-241,-18.3
4458,100.0,100.0,117.0,-16.8,-241,-18.3
4468,100.0,100.0,114.5,-15.4,-241,-18.3
4478,100.0,100.0,112.7,-12.1,-241,-18.3
4488,100.0,100.0,109.8,-10.4,-240,-17.7
4498,100.0,100.0,108.5,-7.6,-201,-15.2
4508,100.0,100.0,107.4,-7.3,-183,-11.9
4518,100.0,100.0,104.7,-4.6,-106,-9.4
4528,100.0,100.0,103.4,-3.3,-64,-6.5
4538,100.0,100.0,102.3,-2.3,-38,-5.2
4548,100.0,100.0,101.5,-1.5,-0,-4.7
4558,100.0,100.0,101.0,-1.0,-0,-3.0
4568,100.0,100.0,100.8,-0.8,-0,-2.6
4578,100.0,100.0,100.7,-0.7,-0,-2.6
4588,100.0,100.0,100.7,-0.7,-0,-2.6
4598,100.0,100.0,100.7,-0.7,-0,-2.6
4609,100.0,100.0,100.7,-0.7,-0,-2.7
4619,100.0,100.0,100.7,-0.7,-0,-2.7
4628,100.0,100.0,100.7,-0.7,-0,-2.6
4638,100.0,100.0,100.7,-0.7,-0,-2.7
4648,100.0,100.0,100.7,-0.7,-0,-2.7
4658,100.0,100.0,100.7,-0.7,-0,-2.6
4668,100.0,100.0,100.7,-0.7,-0,-2.6
4678,100.0,100.0,100.7,-0.7,-0,-2.7
4689,100.0,100.0,100.7,-0.7,-0,-2.7
4699,100.0,100.0,100.7,-0.7,-0,-2.6
4708,100.0,100.0,100.7,-0.7,-0,-2.7
4718,100.0,100.0,100.7,-0.7,-0,-2.7
4728,100.0,100.0,100.7,-0.7,-0,-2.7
4738,100.0,100.0,100.7,-0.7,-0,-2.7
4748,100.0,100.0,100.7,-0.7,-0,-2.7
4758,100.0,100.0,100.7,-0.7,-0,-2.7
4768,100.0,100.0,100.7,-0.7,-0,-2.7
4778,100.0,100.0,100.7,-0.7,-0,-2.7
4788,100.0,100.0,100.7,-0.7,-0,-2.7
4798,100.0,100.0,100.7,-0.7,-0,-2.7
4808,100.0,100.0,100.7,-0.7,-0,-2.7
4818,100.0,100.0,100.7,-0.7,-0,-2.7
4829,100.0,100.0,100.7,-0.7,-0,-2.7
4838,100.0,100.0,100.7,-0.7,-0,-2.7
4848,100.0,100.0,100.7,-0.7,-0,-2.7
4858,100.0,100.0,100.7,-0.7,-0,-2.7
#SWEEP_END
> 